0.2 30.556847308058494 7.790166321842182
0.3 30.164382584500697 4.533827514469665
0.4 32.144690271452845 4.352403945351629
0.5 34.71404546773594 4.989599367961601
0.6 37.649289020283064 5.748293430908992
0.7 39.686811845827 6.3415721458898915
0.8 42.98951143253057 7.236149902414664
0.9 44.900937384322276 8.023843212014274
1.0 48.34220604523352 8.963002853721674
1.1 51.64258657308116 9.987856860580996
1.2 53.49694663136933 10.64317833045545
1.3 56.421926935099364 11.531571036327618
1.4 56.70126651672181 11.813803142059038
1.5 58.4261375830394 12.424869346994294
1.6 59.716792517989276 12.95628927184031
1.7 62.55486586791488 13.918986820983607
1.8 62.065063926544205 14.095193005714357
1.9 64.58175173934606 15.119718431891297
2.0 64.76297359065508 15.401204974915737
2.1 66.04783646230037 16.004057240824725
2.2 68.15560331027336 17.080760997193988
2.3 67.85461923045402 17.629213169764988
2.4 66.29688298365895 18.1229835609252
2.5 61.20138730749506 18.213941868808604
2.6 58.2482333307684 19.532084734017094
2.7 54.33896852921608 20.642112287039183
2.8 45.91493267023725 19.847760002831404
2.9 41.57352600205566 21.24490666849335
3.0 37.67477938485891 22.87228813402213
MIN Contrast: 0.3 30.164382584500697
MAX Contrast: 2.2 68.15560331027336
MIN Shaprness: 0.4 4.352403945351629
MAX Sharpness: 3.0 22.87228813402213